0,1,2,3,4,5,6,7,8,9,10,11,12,13,14,15,16,17,18,19,20,21,22,23,24,25,26,27,28,29,30,31,32,33,34,35,36,37,38,39,40,41,42,43,44,45,46,47,48,49,50,51,52,53,54,55,56,57,58,59,60,61,62,63,64,65,66,67,68,69,70,71,72,73,74,75,76,77,78,79,80,81,82,83,84,85,86,87,88,89,90,91,92,93,94,95,96,97,98,99
133,87,54,38,4,0,21,35,62,79,98,128,152,167,191,202,212,212,183,140,69,11,0,2,3,40,55,32,13,29,36,48,62,81,59,72,61,68,57,35,33,18,22,24,17,6,8,7,0,0,0,6,1,24,33,51,46,58,65,88,97,101,98,117,125,150,164,164,183,180,163,125,96,61,55,46,51,54,50,83,115,167,180,187,186,206,169,139,95,59,61,45,34,42,60,81,124,152,129,128
123,83,49,48,24,13,22,36,73,103,123,149,156,170,196,198,204,212,195,138,94,63,17,31,56,78,78,80,68,67,58,70,71,103,104,99,66,55,50,40,42,30,26,23,25,9,8,13,1,0,1,29,28,45,56,71,47,58,65,87,107,108,111,126,133,155,160,139,155,154,133,85,76,59,43,30,49,75,59,83,131,179,183,208,222,220,180,139,96,77,66,37,31,40,78,117,128,129,128,153
130,102,58,32,38,50,64,57,90,119,143,172,174,191,211,212,199,206,190,141,122,103,72,77,121,135,151,154,111,92,97,96,87,115,135,108,52,40,65,62,56,38,41,43,40,7,1,2,0,0,0,26,46,59,61,63,44,50,55,80,99,105,117,130,140,148,137,134,140,131,94,57,52,45,38,26,32,52,57,92,147,182,188,218,228,205,165,133,102,84,71,41,62,68,112,138,127,118,137,154
107,89,58,34,30,53,77,77,96,126,152,179,185,186,196,218,212,183,149,127,129,140,133,117,137,163,190,172,130,123,123,129,127,119,118,98,72,69,79,89,53,6,16,23,10,1,0,2,8,7,11,44,55,66,73,86,87,86,59,60,68,82,104,119,135,137,117,130,132,90,53,41,29,15,25,35,36,50,81,140,179,204,215,207,208,192,166,130,93,73,64,62,71,77,99,120,135,160,164,136
117,102,72,40,24,37,70,93,112,130,136,162,176,168,167,177,166,147,146,156,159,152,147,142,167,181,173,163,139,126,131,142,145,131,111,86,87,99,98,102,59,32,31,14,6,1,1,8,21,19,19,35,46,66,81,82,93,109,68,49,61,77,99,104,100,111,104,112,97,46,16,26,23,2,19,32,43,54,110,172,195,211,220,216,216,199,171,135,97,76,82,71,59,80,114,137,162,195,184,159
124,109,88,63,36,44,68,95,123,128,122,155,185,178,164,155,156,149,149,167,183,167,148,144,175,192,184,170,152,141,144,145,157,158,119,74,83,119,126,110,73,69,59,43,28,27,34,32,38,32,29,35,70,95,101,72,86,111,73,48,70,89,98,105,105,101,97,83,69,42,1,1,3,3,8,17,24,53,131,173,192,209,223,215,211,201,174,136,111,98,81,51,64,132,161,184,217,221,188,176
137,102,83,73,66,78,95,100,115,120,125,165,198,194,178,172,192,183,162,158,172,162,163,171,190,204,210,196,167,156,164,166,170,176,142,101,100,101,91,85,72,64,54,71,80,70,68,52,46,35,51,61,118,147,122,75,55,67,59,45,66,77,80,103,119,98,74,57,55,34,2,0,0,0,1,14,49,93,145,174,196,205,205,214,212,198,170,137,136,121,83,53,103,166,172,212,245,231,177,165
121,104,87,82,92,105,102,91,113,137,155,168,178,180,180,169,179,180,177,173,169,150,153,167,201,223,226,204,165,159,175,185,194,195,166,131,116,97,73,75,89,97,64,56,69,56,59,62,52,41,64,70,94,84,77,73,48,26,37,56,51,46,58,73,82,62,48,47,32,2,0,0,0,0,2,32,66,108,140,169,207,201,180,195,219,207,186,149,125,107,98,106,132,162,190,230,255,243,201,178
127,131,110,91,96,105,88,85,127,154,165,162,156,160,156,145,164,184,187,189,190,174,179,192,212,229,208,193,175,173,188,188,194,215,189,151,141,130,106,90,74,89,81,62,60,69,83,80,83,85,96,66,56,50,44,50,51,34,42,53,31,30,41,37,28,23,34,35,15,0,0,0,0,0,0,32,58,99,136,162,192,198,188,205,239,240,216,176,122,100,128,140,136,140,186,250,255,231,189,174
136,137,116,98,83,74,77,93,106,112,136,148,145,151,144,138,155,181,175,169,176,179,191,205,209,224,231,229,208,200,189,181,190,209,204,172,154,140,121,113,92,105,111,105,83,91,109,105,106,96,101,62,39,40,50,71,62,51,61,54,18,15,14,7,0,5,13,6,0,0,0,0,0,0,1,41,70,97,114,127,167,202,219,228,249,245,217,177,142,130,128,133,144,146,171,222,239,195,167,170
137,134,111,97,60,28,70,105,93,85,116,142,143,155,163,148,144,166,169,145,145,174,194,199,198,211,230,236,212,200,197,198,200,197,188,164,146,125,93,97,111,122,121,106,85,116,138,126,127,126,110,79,78,59,54,56,50,50,51,37,1,0,0,0,0,0,0,0,0,0,0,0,0,0,0,28,77,102,111,131,175,203,220,239,246,229,186,161,151,149,139,137,147,146,150,178,201,174,161,169
144,142,112,82,47,31,59,92,104,114,124,151,155,161,183,185,149,145,162,158,164,188,194,204,212,210,221,226,217,206,213,215,203,182,174,161,148,121,93,103,121,109,105,116,124,140,137,101,99,96,87,82,95,78,69,71,62,47,23,11,0,0,0,0,0,0,0,0,0,0,0,0,0,0,0,39,81,89,122,164,182,179,192,217,238,223,177,152,153,158,146,128,132,143,144,155,158,145,154,163
137,133,106,74,68,73,83,90,118,132,122,139,152,157,174,175,154,157,197,203,194,182,186,212,222,221,226,226,228,226,230,226,200,178,191,195,162,108,107,106,105,95,108,133,133,106,98,102,105,83,101,113,104,97,78,72,73,60,12,0,0,0,0,0,0,0,0,0,0,0,0,0,0,0,10,54,91,104,128,155,170,175,189,203,203,219,188,153,156,162,133,112,129,141,143,153,156,150,171,170
126,125,126,97,80,91,99,105,125,138,145,154,147,137,158,164,166,195,235,229,202,175,180,208,223,222,209,208,230,236,234,213,199,199,202,195,162,106,87,82,96,103,110,109,106,93,95,102,94,94,123,127,112,117,103,88,78,49,3,0,0,0,0,0,0,0,0,0,0,0,0,0,0,25,45,74,86,101,110,117,141,180,196,182,180,212,184,143,148,158,132,116,135,149,142,157,161,138,122,116
147,145,145,109,72,77,95,112,127,136,157,168,163,154,168,176,195,231,244,241,203,158,169,199,213,215,196,198,231,253,230,189,184,212,203,189,183,150,102,73,93,110,116,110,100,96,102,108,115,129,135,105,91,100,93,90,62,22,0,0,0,0,0,0,0,0,0,0,0,0,0,0,0,25,52,84,91,99,87,100,132,158,159,139,131,163,158,133,129,138,130,118,140,146,134,143,145,136,107,84
163,140,115,84,73,83,82,101,120,124,140,154,162,164,173,192,213,226,225,208,192,159,163,192,211,212,202,211,226,235,213,188,178,188,187,181,192,183,153,109,68,75,106,111,109,116,113,123,115,102,129,133,119,103,73,52,43,20,0,0,0,0,0,0,0,0,0,0,0,0,0,0,16,46,67,88,112,131,114,118,139,138,126,117,105,125,139,112,110,125,126,122,144,149,141,131,138,162,147,117
184,134,87,68,81,82,68,91,121,139,146,151,150,146,153,188,198,189,186,176,178,186,193,192,195,192,202,216,204,210,194,191,176,153,161,180,176,181,172,138,80,50,88,89,108,115,116,127,114,110,132,134,132,124,91,36,41,32,1,0,0,0,0,0,0,0,0,0,0,0,0,0,23,70,83,70,94,125,136,150,151,136,105,94,94,91,99,99,112,127,140,140,148,158,168,155,165,179,172,153
156,109,69,62,74,75,72,103,128,151,164,158,147,135,130,162,169,149,153,157,152,175,196,187,174,176,193,199,199,218,202,181,154,149,155,156,151,166,160,122,84,67,77,78,117,126,140,153,132,121,129,114,108,85,81,91,94,62,15,0,0,0,0,0,0,0,0,0,0,0,0,0,20,57,78,70,96,110,120,135,147,131,95,67,67,54,46,75,104,129,146,141,133,147,185,195,176,157,158,149
149,106,64,53,67,62,78,106,126,133,145,142,140,135,135,148,140,120,149,153,141,160,178,173,164,167,170,161,153,178,194,174,144,139,134,120,126,145,139,114,102,114,157,160,156,141,156,138,146,156,134,112,103,79,74,117,130,100,29,0,0,0,0,0,0,0,0,0,0,0,1,21,41,51,80,115,140,125,113,116,100,87,61,35,44,40,40,56,88,128,147,144,145,162,192,203,160,133,144,147
102,81,62,63,65,58,81,115,118,108,117,125,140,143,159,163,140,148,167,160,151,170,168,152,150,146,137,153,165,165,162,153,153,112,95,118,136,129,135,152,147,141,167,160,155,165,177,141,135,127,122,126,92,50,50,92,143,131,51,9,0,0,0,0,0,0,0,0,0,1,19,57,70,73,85,110,138,130,124,97,52,15,7,8,3,11,46,76,96,133,154,153,161,184,197,181,154,168,163,132
90,73,77,84,78,68,94,133,133,126,138,143,157,155,171,180,160,181,198,179,157,171,165,149,150,142,130,134,167,171,143,145,144,102,90,98,125,137,146,174,183,172,172,177,180,198,213,197,170,131,123,97,51,20,19,47,97,106,47,22,15,0,0,0,1,2,0,0,0,3,36,69,84,95,101,96,89,99,80,40,20,0,0,0,0,0,42,67,82,125,166,173,174,195,186,163,158,176,152,137
77,62,65,75,85,107,120,142,167,160,157,146,142,152,171,187,183,198,209,193,172,179,181,169,145,137,138,132,136,148,128,120,104,85,79,65,86,139,156,174,196,202,199,210,208,218,225,195,166,147,152,112,26,0,0,10,42,45,29,30,24,12,12,19,9,0,0,1,22,47,64,66,89,97,96,73,44,34,13,0,0,0,0,0,0,7,34,61,84,121,159,185,197,204,192,202,202,169,119,110
83,61,64,66,92,128,135,142,178,173,152,129,116,146,151,160,181,203,193,182,177,164,171,183,164,144,139,135,115,123,95,82,75,68,65,48,85,124,144,175,175,183,198,221,213,214,195,184,175,178,153,107,31,0,0,0,8,2,4,8,12,32,44,31,1,0,25,39,58,81,90,78,72,89,63,29,12,0,0,0,0,0,0,0,0,4,26,67,124,150,170,193,194,199,194,216,215,154,113,97
61,40,62,94,106,113,122,128,160,175,154,122,98,125,140,131,155,188,185,174,193,178,170,157,150,150,140,141,124,124,87,61,51,52,51,57,93,113,139,173,186,186,199,225,237,218,184,190,189,196,163,115,41,0,0,0,3,19,3,3,21,46,49,17,0,0,38,67,72,72,88,78,56,68,41,2,6,13,0,0,0,0,0,0,0,0,23,69,149,177,187,207,205,201,211,202,189,150,131,117
70,50,84,125,113,98,123,141,161,187,152,107,76,82,115,117,143,197,226,208,211,198,182,152,139,147,141,125,84,66,61,37,33,41,57,77,88,101,149,174,197,207,227,223,216,226,202,187,187,194,129,89,38,0,1,1,26,92,77,30,38,54,61,39,28,16,53,89,85,82,86,64,58,60,29,0,2,3,0,0,0,0,0,0,1,12,70,89,135,163,166,205,220,225,231,202,175,161,149,124
57,71,105,132,130,131,155,178,175,162,145,111,72,60,52,89,180,241,251,215,192,199,199,168,143,156,153,125,80,35,28,4,4,34,39,57,87,116,149,176,187,182,216,221,215,229,227,204,190,192,133,79,41,30,20,15,66,172,151,70,69,80,80,63,38,49,69,78,99,111,98,68,67,49,8,0,0,0,0,0,0,0,0,0,0,19,75,81,120,172,183,192,217,230,221,187,171,165,148,103
48,79,109,131,159,172,174,187,168,144,135,110,70,57,64,93,192,255,255,244,199,191,173,149,144,149,139,115,90,44,22,0,6,25,35,47,107,144,141,177,199,210,219,219,229,239,222,187,170,173,120,70,68,68,53,17,40,152,167,123,127,126,108,75,53,76,88,66,98,125,96,74,45,11,0,0,0,0,0,0,0,0,0,0,0,9,50,78,131,192,199,187,217,223,208,188,153,137,93,58
76,95,114,139,164,160,167,164,148,137,120,90,71,78,77,103,176,246,255,238,196,176,159,161,145,113,120,90,66,35,2,1,17,33,50,67,111,152,151,194,229,226,225,234,230,242,232,203,187,189,139,89,69,60,69,72,63,113,154,134,140,149,147,122,102,105,100,83,98,106,89,57,15,0,0,0,0,0,0,0,0,0,0,0,0,5,26,86,148,169,185,193,209,202,204,176,128,102,65,47
103,108,123,151,158,149,152,136,97,99,94,73,85,80,55,74,137,209,230,216,160,143,155,183,175,134,128,80,48,30,8,0,6,26,71,100,115,144,159,182,211,203,198,223,225,231,223,211,185,189,157,110,86,76,100,118,109,118,145,145,157,162,170,163,138,129,123,121,125,104,84,45,0,0,0,0,0,0,0,0,0,0,0,0,0,23,59,116,162,169,189,210,210,211,193,147,97,67,34,7
113,128,141,154,155,138,140,126,66,45,63,47,62,78,63,83,118,154,176,193,183,181,164,152,159,154,123,67,30,12,13,11,0,21,74,116,124,144,172,175,180,196,201,207,209,209,218,209,195,171,152,140,121,106,108,128,151,169,161,163,178,178,183,171,154,148,140,130,140,123,87,50,0,0,0,0,0,0,0,0,0,0,0,0,5,50,95,141,163,183,193,201,218,204,157,105,69,43,1,0
91,121,143,155,154,129,109,106,64,28,57,36,34,59,65,87,132,144,153,161,180,200,173,140,130,137,112,64,36,9,3,4,13,23,42,85,117,152,177,189,177,183,209,226,202,201,221,209,203,168,144,141,136,130,133,135,150,187,200,211,215,214,197,177,155,144,148,149,138,117,78,45,0,0,0,0,0,0,0,0,0,0,0,1,20,44,99,150,162,174,168,179,199,179,113,71,25,0,0,2
103,114,136,144,137,116,90,73,47,28,28,30,35,53,64,96,120,119,155,180,167,166,169,156,132,124,81,33,35,52,19,1,11,36,48,77,119,147,162,184,189,189,199,213,209,203,191,183,190,186,149,117,118,130,143,159,169,191,219,237,247,235,211,182,151,135,150,155,131,108,89,78,28,0,0,0,0,0,0,0,0,0,0,0,9,51,107,145,176,175,166,172,161,132,103,73,11,1,8,4
120,121,124,124,110,97,76,49,22,10,9,18,38,47,83,121,123,103,130,185,174,135,145,169,137,105,60,48,50,42,26,0,2,48,94,106,136,154,168,203,194,164,158,172,186,211,206,198,189,184,154,125,129,133,147,172,186,210,227,242,243,229,207,190,176,145,135,134,135,136,122,101,29,0,1,0,0,0,0,0,0,0,1,0,35,80,115,138,169,194,197,180,129,112,95,41,6,5,2,1
120,129,130,120,108,76,53,45,22,0,0,15,57,80,108,116,116,118,113,143,175,176,163,171,141,105,76,77,56,17,27,36,37,62,94,113,153,193,201,214,190,145,142,186,199,215,218,219,201,188,172,157,154,163,181,207,211,211,217,228,227,204,196,204,203,156,120,127,145,161,166,83,4,0,0,0,0,0,0,0,0,0,0,1,49,94,123,128,146,178,206,182,140,118,71,17,1,1,0,0
109,122,131,124,109,61,29,20,16,7,9,30,88,118,130,124,117,133,136,125,159,198,177,161,121,86,74,68,63,42,54,66,75,74,91,125,143,171,185,198,178,171,183,184,187,201,210,222,191,185,193,198,189,187,198,210,213,204,196,206,215,210,208,213,212,187,151,137,146,171,121,13,0,0,0,0,0,0,0,0,0,0,0,8,56,93,121,136,141,150,171,175,138,93,35,2,12,9,25,24
114,108,105,93,77,45,17,2,0,16,35,53,94,116,129,127,125,150,173,159,166,192,193,177,121,76,61,43,38,40,65,81,84,86,105,140,147,145,178,198,177,187,195,191,194,212,222,222,187,190,192,199,193,192,190,191,198,196,194,204,215,226,223,205,208,216,196,174,164,113,21,0,0,0,0,0,0,0,0,0,0,0,0,16,48,83,116,134,150,159,157,143,100,63,27,0,0,0,5,11
124,108,96,75,32,16,9,0,0,20,56,87,109,113,118,123,141,174,191,184,171,158,161,171,124,93,83,46,44,44,65,90,89,87,100,127,161,173,175,171,160,184,192,191,189,190,196,193,165,172,180,186,168,188,194,193,190,191,204,218,218,228,233,217,215,223,219,199,149,49,0,0,0,0,0,0,0,0,0,0,0,0,0,4,53,106,120,122,157,175,141,98,64,54,31,0,1,1,0,0
137,126,94,56,9,0,0,0,0,29,56,93,108,93,113,130,156,189,184,164,164,164,169,170,111,77,67,53,63,71,87,88,83,74,88,106,150,162,153,169,181,186,188,185,189,180,177,185,197,211,204,207,196,206,189,181,185,203,220,221,205,215,236,239,234,229,233,185,95,2,0,0,0,0,0,0,0,0,0,0,0,0,0,3,68,110,108,115,151,162,132,85,67,57,24,16,5,1,7,47
137,137,79,19,2,0,0,0,9,29,49,96,124,113,123,139,150,170,171,177,189,185,164,133,97,80,78,90,88,88,109,84,79,85,105,95,114,143,130,144,189,205,195,193,193,183,192,203,215,227,221,199,195,205,176,151,158,197,215,209,201,218,233,244,248,252,244,200,93,3,1,0,0,0,0,0,0,0,0,0,0,0,0,8,61,97,111,135,159,167,141,95,73,44,28,30,15,9,29,71
128,117,65,10,0,0,0,1,19,41,73,100,131,140,123,139,166,185,172,166,179,197,180,139,112,110,93,87,93,89,75,47,73,109,113,93,90,125,125,142,177,189,205,188,153,165,195,227,228,217,210,186,189,199,186,156,154,179,197,204,217,234,231,238,252,255,253,229,128,2,0,0,0,0,0,0,0,0,0,0,0,0,0,13,59,102,129,146,167,167,140,95,56,43,61,66,51,58,45,69
121,98,48,4,0,0,0,8,32,52,99,109,119,125,132,157,175,169,165,200,193,199,166,130,110,98,81,53,77,103,79,66,83,99,82,79,83,101,128,141,166,193,187,177,144,146,181,215,214,224,222,206,198,195,197,153,137,148,186,207,210,228,238,245,251,255,249,253,192,32,2,0,0,0,0,0,0,0,0,0,0,0,0,16,74,124,150,148,138,146,130,104,74,56,79,78,65,82,96,120
105,80,41,6,0,1,0,8,25,42,81,126,140,122,149,161,173,165,167,217,237,216,180,156,125,89,71,84,73,86,95,98,85,66,64,78,93,95,123,139,159,171,171,205,184,157,187,205,201,221,245,226,188,160,162,125,105,137,171,207,218,233,249,251,253,255,248,234,190,32,0,0,0,0,0,0,0,0,0,0,0,0,3,40,64,119,159,139,113,118,117,107,86,69,74,79,102,133,141,132
103,71,50,22,1,5,0,17,44,55,76,125,139,156,185,160,153,150,162,185,198,215,190,176,148,114,102,113,73,61,74,81,63,50,93,100,99,94,118,142,156,137,160,193,197,189,203,216,215,207,230,237,187,139,155,149,115,133,151,194,230,246,252,253,253,255,243,228,176,30,2,0,0,0,0,0,0,0,0,0,0,0,1,51,66,123,134,119,131,124,113,92,83,86,95,103,140,141,126,143
79,54,41,8,6,42,15,34,77,95,101,111,120,153,174,158,144,154,160,146,143,177,170,143,166,144,116,98,89,90,73,57,47,68,76,73,89,112,124,120,144,148,159,181,172,169,199,202,218,207,196,198,178,153,145,143,129,169,181,207,234,248,251,251,253,254,253,226,115,0,0,0,0,0,0,0,0,0,0,0,0,0,2,52,94,136,132,109,154,148,140,126,105,102,106,114,119,116,139,176
79,69,43,1,29,53,31,47,97,104,108,129,142,149,149,148,147,165,160,131,125,120,161,156,182,168,127,95,87,93,52,34,50,70,51,70,91,119,136,128,149,162,151,167,167,163,177,178,189,194,170,155,166,147,118,94,107,170,208,226,238,250,251,252,253,253,253,247,116,6,2,0,0,0,0,0,0,0,0,0,0,0,0,44,105,132,165,146,170,167,177,163,135,120,123,123,107,132,158,172
72,75,32,20,41,45,58,71,99,115,123,133,156,163,134,130,154,166,150,143,123,106,141,156,155,161,145,109,70,73,42,35,51,59,61,89,90,107,134,142,155,162,180,192,164,177,175,187,174,181,170,151,131,91,96,89,125,166,211,240,250,250,252,253,253,253,254,255,151,4,0,0,0,0,0,0,0,0,0,0,0,0,1,70,126,135,155,148,151,151,166,150,137,139,146,175,153,159,179,181
50,57,23,45,48,41,94,111,115,135,145,128,142,158,139,146,158,146,141,149,126,122,110,130,128,127,109,98,67,57,51,34,44,53,59,85,100,99,142,154,174,185,188,175,160,179,195,202,196,192,146,142,145,100,127,132,155,173,217,249,251,250,253,253,253,252,251,250,147,7,3,0,0,0,0,0,0,0,0,0,1,0,45,97,132,149,148,176,177,169,154,142,141,143,152,176,158,150,179,191
52,62,47,60,52,49,104,125,130,138,157,154,150,166,168,171,164,123,128,143,130,148,118,131,139,107,74,87,81,66,43,32,34,76,96,91,88,87,126,149,164,160,175,173,179,166,178,194,204,200,170,132,132,118,115,146,166,198,236,250,252,250,251,253,253,253,254,249,97,0,0,0,0,0,0,0,0,0,0,0,0,5,77,109,136,144,142,164,187,203,180,184,158,141,165,183,170,176,163,166
91,60,71,79,73,77,113,122,135,150,161,169,171,177,183,178,175,156,133,128,125,136,109,117,136,113,68,71,36,21,25,41,39,87,106,82,86,109,123,157,164,148,172,186,179,149,184,198,201,188,181,139,131,128,94,126,173,202,238,254,253,251,251,252,253,255,252,222,43,0,1,0,0,0,0,0,0,0,0,0,0,26,85,120,148,146,135,145,179,203,184,206,191,163,161,186,167,195,188,152
87,46,82,97,95,94,111,120,138,153,146,159,174,172,175,179,178,177,169,181,142,107,113,132,140,127,73,65,26,17,37,49,54,66,83,96,112,144,153,172,147,149,182,193,195,190,193,136,165,148,162,144,124,145,131,143,159,204,233,248,254,251,252,253,253,252,253,181,28,1,0,0,0,0,0,0,0,0,0,0,0,47,84,125,155,157,136,164,196,189,192,209,219,211,192,203,182,176,187,153
100,66,83,108,123,114,133,137,141,158,164,168,165,163,153,177,160,149,158,173,160,108,98,139,149,117,46,33,21,34,59,53,68,57,104,117,120,155,170,165,144,166,188,186,206,218,220,182,203,160,143,136,154,154,157,155,173,219,235,248,251,253,253,255,255,254,222,105,0,0,0,0,0,0,0,0,0,0,0,0,3,68,116,165,148,137,145,176,193,180,191,208,215,214,207,202,185,180,200,189
81,78,90,115,126,146,155,152,152,173,200,197,177,182,186,188,151,126,140,127,136,141,124,128,125,81,60,60,11,16,59,77,86,75,113,123,131,163,166,174,184,179,175,200,190,160,190,197,188,150,154,146,154,154,160,186,216,233,247,252,253,254,255,255,255,239,156,47,0,0,0,0,0,0,0,0,0,0,0,1,53,128,159,171,166,160,175,185,187,191,197,209,193,196,217,187,160,178,187,187
103,112,111,115,126,162,158,165,168,178,188,192,173,172,199,179,155,144,139,126,126,142,115,119,110,70,60,30,10,39,78,97,96,96,117,135,150,150,150,195,217,199,179,191,178,151,187,207,205,157,155,146,153,167,173,201,223,242,250,248,249,254,254,247,206,159,61,0,0,0,0,0,0,0,0,0,0,0,1,2,79,142,169,172,194,181,175,212,187,180,191,201,177,192,217,182,166,173,172,196
123,132,139,147,149,143,144,162,164,167,167,156,174,160,161,170,157,143,142,123,133,163,144,123,77,59,39,27,42,41,87,119,80,86,125,162,166,176,179,187,217,221,202,189,184,170,192,187,181,168,146,135,154,165,198,224,224,232,244,243,249,248,235,195,116,45,0,0,0,0,0,0,0,0,0,0,0,0,0,5,84,144,177,157,173,194,176,206,183,178,185,186,176,169,205,196,201,216,201,198
121,125,156,173,151,132,139,147,143,152,166,151,181,163,147,167,175,158,167,144,150,159,142,111,72,47,30,24,57,37,91,113,74,97,128,169,171,198,224,195,210,226,216,194,209,215,206,188,191,196,181,145,154,195,218,224,226,236,242,247,235,225,159,117,41,0,0,0,0,0,0,0,0,0,0,0,0,0,10,55,113,158,192,162,125,178,176,168,192,210,202,186,177,161,218,214,181,198,203,172
121,112,149,165,140,137,156,146,139,145,145,145,155,150,153,165,170,165,152,135,138,124,116,87,77,54,31,22,23,30,81,112,118,138,136,164,196,203,209,192,216,207,205,212,219,225,215,209,215,216,191,171,177,217,239,226,229,236,238,216,171,135,83,54,1,0,0,0,0,0,0,0,0,0,0,0,0,0,33,103,140,155,187,179,144,179,185,190,217,219,214,205,172,151,190,193,180,191,170,169
150,129,152,149,129,140,155,130,124,131,128,162,171,154,160,157,134,154,135,135,127,105,104,93,73,47,44,47,38,51,99,129,122,147,142,165,185,199,204,204,225,220,224,224,223,218,216,217,213,215,212,195,199,210,241,240,232,220,177,135,58,11,1,0,0,0,0,0,0,0,0,0,0,0,0,0,0,0,68,136,169,177,184,163,168,180,178,201,199,188,186,201,183,165,186,184,165,170,154,185
153,134,135,127,120,125,115,101,105,115,118,151,178,149,153,158,141,146,134,144,139,125,105,92,61,56,50,65,73,87,108,129,137,159,155,163,166,186,188,190,212,226,239,231,212,183,195,207,217,201,212,220,221,204,200,207,216,168,106,51,3,0,0,1,0,0,0,0,0,0,0,0,0,0,0,0,0,20,112,171,189,171,168,149,174,190,182,188,187,169,172,194,193,167,175,190,190,210,183,162
157,149,122,111,105,98,88,91,96,99,107,118,143,140,151,166,151,127,135,127,115,124,104,62,48,73,45,51,91,119,112,111,132,147,158,151,153,182,197,213,219,215,214,232,221,212,237,229,226,221,222,231,224,210,182,172,146,90,21,0,0,0,0,0,0,0,0,0,0,0,0,0,0,0,0,0,16,82,148,201,205,181,153,159,179,189,183,186,199,194,200,194,209,200,183,184,191,201,177,168
144,139,116,102,98,83,74,79,90,107,103,100,116,134,141,165,172,153,133,99,113,119,94,80,88,95,71,84,97,94,107,121,132,139,163,169,166,198,222,225,220,226,226,233,227,234,254,248,235,238,243,237,207,178,162,101,31,2,0,0,0,0,0,0,0,0,0,0,0,0,0,0,0,0,0,3,71,148,158,166,185,168,145,166,183,200,201,205,201,209,204,202,211,202,190,182,190,198,180,166
141,122,90,79,91,77,60,59,81,112,113,118,141,149,134,147,173,168,156,128,117,105,98,92,91,95,96,111,119,98,111,137,145,128,137,166,181,199,213,225,238,232,218,216,241,248,245,241,235,234,235,238,166,111,79,14,0,0,0,0,0,0,0,0,0,0,0,0,0,0,0,0,0,1,7,77,136,180,155,143,145,138,148,165,173,196,202,198,185,196,196,208,198,178,177,167,167,162,140,132
109,82,52,52,62,64,61,76,86,97,109,132,145,140,149,159,156,150,151,125,107,108,116,91,78,90,99,108,132,130,127,141,151,135,130,152,169,192,221,225,238,224,208,212,233,235,239,239,238,229,220,203,143,68,1,0,0,0,0,0,0,0,0,0,0,0,0,0,0,0,0,0,0,3,79,158,174,164,168,167,151,141,145,146,166,196,214,202,184,186,198,196,193,175,148,157,152,114,87,86
79,47,27,31,27,38,70,97,102,79,88,128,127,124,151,163,138,134,140,121,124,120,123,105,98,85,93,102,122,146,142,132,132,138,149,147,168,198,234,231,227,227,238,238,242,242,238,233,232,226,192,148,72,13,0,0,0,0,0,0,0,0,0,0,0,0,0,0,0,0,0,0,2,6,122,183,178,159,161,168,149,137,154,165,186,193,214,209,189,189,207,206,196,191,166,152,124,94,70,69
42,31,13,16,15,27,57,90,108,100,112,138,112,106,148,160,152,130,129,131,117,94,104,109,95,78,97,124,126,134,135,115,111,129,133,121,159,208,225,228,237,244,248,244,250,243,237,239,229,192,165,90,18,0,0,0,0,0,0,0,0,0,0,0,0,0,0,0,0,0,0,0,0,7,118,150,164,167,151,136,118,134,152,176,197,186,190,191,193,210,217,216,203,194,184,145,106,100,72,68
44,33,9,1,15,22,42,72,103,112,115,124,113,125,176,177,166,146,139,149,143,116,103,97,100,110,134,135,125,139,131,109,102,115,129,138,178,218,222,230,239,243,242,243,248,246,232,234,214,179,119,21,0,0,0,0,0,0,0,0,0,0,0,0,0,0,0,0,0,0,0,0,0,48,149,153,132,144,123,104,108,133,150,169,183,189,197,195,192,202,200,204,199,187,159,115,73,57,39,35
31,21,10,2,0,14,52,83,102,96,97,101,118,156,172,153,150,151,149,165,182,149,99,96,133,150,143,130,139,150,121,97,95,130,162,189,209,221,231,228,225,228,232,229,234,246,230,196,150,81,16,0,0,0,0,0,0,0,0,0,0,0,0,0,0,0,0,0,0,0,0,2,49,127,176,151,123,119,114,121,122,142,164,156,162,194,210,203,193,190,187,187,179,165,128,89,60,36,30,43
17,9,5,0,0,17,76,115,112,101,116,113,117,156,155,141,140,139,150,174,167,141,144,154,155,143,125,130,125,103,83,88,112,144,183,197,208,217,228,221,221,230,237,241,236,229,171,128,87,26,0,0,0,0,0,0,0,0,0,0,0,0,0,0,0,0,0,0,0,0,28,97,163,201,190,164,127,91,103,126,138,160,194,194,177,182,198,197,190,197,189,169,140,134,125,98,57,6,12,44
1,2,0,0,0,30,71,89,92,105,140,166,147,152,144,133,134,151,165,173,149,139,164,188,165,123,112,115,92,66,70,98,120,137,165,190,204,207,214,216,231,247,254,249,235,209,162,117,41,2,0,0,0,0,0,0,0,0,0,0,0,0,0,0,0,0,0,0,0,47,120,183,219,192,170,146,130,114,111,131,153,170,181,191,202,192,187,200,206,204,189,164,140,138,114,64,34,15,2,0
0,0,0,3,16,57,75,61,68,91,112,146,144,151,148,141,149,174,175,169,153,143,152,171,150,116,107,96,83,68,88,101,123,161,172,200,216,216,221,231,245,246,249,238,207,185,97,31,2,1,0,0,0,0,0,0,0,0,0,0,0,0,0,0,0,0,0,2,62,153,207,227,213,189,158,131,131,129,139,134,140,162,162,160,186,199,189,204,214,201,180,166,139,113,94,60,32,26,30,0
0,0,5,28,38,67,97,90,81,96,110,133,153,167,177,171,162,168,171,185,196,161,138,142,133,112,123,121,77,59,101,148,161,196,207,212,218,230,238,238,230,204,209,197,188,132,34,0,0,0,0,0,0,0,0,0,0,0,0,0,0,0,0,0,0,0,44,115,171,220,245,219,191,170,140,125,116,109,126,137,144,145,147,160,172,183,193,197,194,186,180,171,148,104,69,38,21,15,1,1
0,0,5,21,37,61,109,121,116,120,145,154,170,185,189,179,157,144,166,198,219,194,169,164,141,111,120,123,90,82,120,151,173,194,211,204,205,234,237,237,229,197,169,160,122,33,0,0,0,0,0,0,0,0,0,0,0,0,0,0,0,0,0,0,6,65,157,208,217,237,231,213,165,162,150,123,120,123,125,137,151,145,152,168,168,171,197,202,176,168,174,154,122,96,53,7,17,12,0,5
0,0,1,35,64,73,94,111,132,138,154,161,168,170,176,168,156,152,169,178,201,207,198,190,162,126,97,102,104,110,113,118,160,191,211,202,210,229,233,229,217,160,113,79,16,0,0,0,0,0,0,0,0,0,0,0,0,0,0,0,0,0,0,12,79,152,212,223,228,224,228,210,171,173,160,130,126,134,127,156,166,159,174,197,181,168,178,193,192,165,150,126,83,60,37,8,5,13,28,44
0,0,8,51,89,99,105,114,137,157,148,147,152,155,169,172,172,154,166,188,211,215,184,174,170,141,92,86,99,106,127,146,172,204,214,211,223,229,220,203,153,89,31,0,0,0,0,0,0,0,0,0,0,0,0,0,0,0,0,0,0,0,37,96,159,207,223,235,239,240,224,180,157,155,140,128,123,117,119,159,184,171,179,204,190,166,161,181,200,164,131,122,83,37,31,30,24,23,44,64
0,0,20,47,77,109,127,126,136,156,142,136,148,148,158,160,159,156,160,193,211,205,190,166,161,146,108,104,94,108,157,184,188,218,221,216,218,203,189,133,57,1,0,0,0,0,0,0,0,0,0,0,0,0,0,0,0,0,0,0,0,42,115,180,217,233,238,237,249,248,223,171,148,152,136,129,127,129,132,145,166,169,184,202,189,161,157,165,172,159,142,126,83,36,17,24,22,31,50,87
0,2,37,63,90,126,127,121,131,139,127,140,167,167,159,152,166,182,168,172,195,199,189,157,126,120,106,107,129,141,160,179,201,234,229,228,188,154,123,59,16,0,0,0,0,0,0,0,0,0,0,0,0,0,0,0,0,1,0,15,86,146,181,217,239,249,243,244,246,245,228,187,151,136,126,118,146,165,158,164,189,182,175,185,183,175,162,151,172,171,141,117,79,38,12,0,9,36,65,98
4,23,55,93,117,130,130,123,141,144,137,163,182,164,156,177,194,199,181,174,182,158,151,151,123,108,109,129,152,153,153,195,229,237,225,195,145,83,40,2,0,0,0,0,0,0,0,0,0,0,0,0,0,0,0,0,0,0,41,107,153,190,224,231,246,249,244,244,243,231,219,188,157,134,114,125,154,180,192,205,212,185,176,181,188,187,173,175,197,172,133,112,77,33,28,32,12,36,75,93
25,50,78,96,109,135,164,161,159,144,138,174,182,156,146,181,191,182,193,213,186,136,126,130,134,120,128,130,129,153,172,208,217,220,182,132,76,20,2,0,0,0,0,0,0,0,0,0,0,0,0,0,0,0,0,0,0,24,108,163,178,212,239,248,249,253,244,236,235,235,224,194,158,127,132,161,176,183,185,207,210,193,180,167,186,190,190,194,186,157,116,91,83,51,54,53,38,46,69,87
60,73,99,109,114,150,181,166,156,141,133,146,162,162,158,177,184,195,215,217,171,134,140,135,118,109,129,142,139,181,207,203,204,177,133,67,11,0,0,0,0,0,0,0,0,0,0,0,0,0,0,0,0,0,0,0,0,61,138,182,212,228,239,242,251,253,250,241,231,235,228,198,149,130,154,171,167,181,201,211,189,172,161,142,156,168,173,159,149,135,98,63,60,62,70,56,55,75,78,102
75,87,107,117,119,139,157,154,151,148,143,122,143,168,174,179,173,199,200,183,183,184,159,133,117,100,122,154,174,207,217,205,166,112,57,1,0,0,0,0,0,0,0,0,0,0,0,0,0,0,0,0,0,0,0,2,51,105,150,199,223,237,241,244,253,254,253,249,230,216,201,178,144,133,157,165,160,180,211,202,172,176,166,152,154,137,138,145,127,129,112,66,54,71,87,73,81,108,94,85
94,113,117,112,114,115,123,135,142,133,129,111,127,167,197,202,199,220,201,183,187,181,159,128,109,137,150,167,199,228,206,146,81,17,0,0,0,0,0,0,0,0,0,0,0,0,0,0,0,0,0,0,0,0,3,77,131,157,173,197,225,237,242,246,252,248,249,244,238,216,187,172,158,145,159,175,178,176,190,189,179,189,177,150,136,123,126,143,142,147,128,94,76,81,82,91,90,110,137,99
100,112,120,135,145,139,124,120,117,118,122,124,136,144,184,204,205,225,210,186,176,166,150,129,130,151,147,163,198,231,175,77,5,0,0,0,0,0,0,0,0,0,0,0,0,0,0,0,0,0,0,0,0,1,79,156,179,204,209,214,229,241,248,252,253,249,247,235,233,228,210,196,182,161,179,176,177,188,173,156,146,159,159,142,122,112,123,134,137,126,107,94,95,91,71,93,105,97,97,98
122,124,129,157,164,152,131,118,110,127,126,127,132,131,165,189,194,200,202,194,175,147,121,144,178,185,172,195,222,207,117,17,0,0,0,0,0,0,0,0,0,0,0,0,0,0,0,0,0,0,0,0,0,68,165,203,218,229,236,237,242,246,251,249,249,247,241,218,208,215,221,211,179,157,172,176,177,185,174,135,109,106,115,123,113,109,100,102,122,128,110,89,93,99,98,100,101,101,77,67
141,143,139,153,140,124,112,109,115,126,120,121,139,152,174,186,185,174,188,205,177,141,132,152,193,220,216,212,205,139,14,0,0,0,0,0,0,0,0,0,0,0,0,0,0,0,0,0,0,0,0,8,70,152,210,227,228,244,243,248,249,249,249,247,242,245,232,204,193,195,201,208,179,168,179,172,161,172,177,132,95,88,91,92,89,98,101,117,134,133,114,101,104,108,116,90,77,85,49,25
161,164,160,159,147,115,101,103,104,110,114,118,141,169,180,184,190,191,196,200,188,168,162,183,203,221,238,206,149,47,0,0,0,0,0,0,0,0,0,0,0,0,0,0,0,0,0,0,0,1,33,97,152,201,237,238,244,251,249,241,243,244,244,241,240,236,217,197,190,198,203,208,194,190,184,158,146,137,126,88,72,104,104,99,93,113,138,151,148,123,96,103,110,104,108,88,69,62,41,20
170,173,164,154,155,125,103,99,98,111,130,116,123,167,195,192,203,207,201,207,204,185,198,203,203,220,231,208,77,0,0,0,0,0,0,0,0,0,0,0,0,0,0,0,0,0,0,0,4,68,152,196,203,230,242,252,253,248,248,245,243,236,227,220,214,213,210,198,193,198,200,194,190,191,179,167,144,101,63,36,37,69,90,106,108,123,155,147,132,131,122,125,123,109,111,109,62,11,23,15
169,174,170,143,131,110,96,96,104,120,145,146,132,158,192,199,209,205,210,221,223,197,191,196,212,230,237,151,9,0,0,0,0,0,0,0,0,0,0,0,0,0,0,0,0,0,0,22,84,161,220,237,246,243,242,249,254,245,238,241,239,215,202,198,180,184,207,207,208,202,179,158,173,180,175,161,111,55,36,43,39,47,64,79,107,113,140,146,128,139,158,148,117,111,131,111,68,18,1,1
164,177,161,141,112,90,89,85,100,114,137,160,166,184,203,211,219,237,235,216,213,210,199,212,228,240,174,37,0,0,0,0,0,0,0,0,0,0,0,0,0,0,0,0,0,0,39,114,174,216,222,244,255,252,244,243,249,249,233,234,226,196,181,174,169,178,187,201,223,210,162,139,171,175,133,116,90,46,35,38,46,47,61,57,93,108,124,143,133,143,156,144,116,121,135,108,96,67,5,0
158,154,133,114,92,72,63,63,81,100,122,159,176,190,216,236,234,231,220,211,184,190,218,243,243,187,76,0,0,0,0,0,0,0,0,0,0,0,0,0,0,0,0,0,0,48,134,184,217,227,239,248,249,248,247,246,245,245,238,218,196,187,173,156,168,185,165,188,217,207,168,157,171,148,106,87,59,24,19,22,23,41,45,45,68,82,122,148,137,140,151,147,143,138,117,81,63,30,2,0
119,97,83,86,72,54,52,56,78,97,125,161,172,189,210,229,220,204,192,212,195,187,210,241,230,151,14,0,0,0,0,0,0,0,0,0,0,0,0,0,0,0,0,1,85,173,220,229,229,241,249,250,244,246,246,241,237,243,228,195,170,166,155,141,161,171,164,189,191,193,183,181,161,118,96,63,25,2,1,1,1,32,48,57,87,85,116,143,130,132,156,153,148,146,115,67,37,5,0,0
82,54,37,48,57,60,59,70,89,115,142,168,184,195,207,218,213,218,222,235,230,225,219,225,211,96,0,0,0,0,0,0,0,0,0,0,0,0,0,0,0,0,8,85,180,220,252,250,246,249,252,249,248,248,242,232,232,227,199,175,163,148,134,139,151,158,169,191,190,185,174,172,157,96,56,33,14,1,0,8,13,30,50,71,94,97,99,113,122,138,168,171,147,123,113,74,28,9,4,1
87,48,17,8,43,65,57,67,107,145,159,158,181,189,203,222,219,223,232,219,220,236,237,235,174,32,0,0,0,0,0,0,0,0,0,0,0,0,0,0,0,7,133,216,232,237,246,255,249,247,249,248,250,248,241,232,225,190,149,138,140,138,139,139,133,141,161,175,181,176,153,169,157,87,19,1,8,1,0,1,28,42,71,95,93,98,112,121,135,148,166,182,144,114,117,90,35,14,32,27
67,32,1,4,19,26,31,58,110,161,172,157,175,199,217,221,213,214,222,215,219,223,237,218,116,3,0,0,0,0,0,0,0,0,0,0,0,0,0,0,0,87,196,217,240,245,248,252,253,252,246,238,242,244,239,213,188,156,126,117,113,121,130,128,127,159,175,168,167,170,164,161,128,51,0,0,0,0,0,14,49,64,84,105,108,128,147,152,163,161,158,166,143,112,114,94,47,25,24,25
73,29,0,2,12,0,23,60,98,153,181,196,203,206,221,227,222,224,227,231,241,243,232,184,47,0,1,0,0,0,0,0,0,0,0,0,0,0,0,4,91,178,229,248,244,242,244,249,250,254,252,247,247,239,218,196,163,134,113,108,109,105,116,116,140,184,179,158,159,154,145,142,98,29,0,0,0,0,2,39,68,75,94,120,143,165,154,152,180,183,159,159,147,109,90,71,67,57,35,31
28,4,0,1,17,26,42,82,106,147,186,213,214,207,225,243,239,231,231,236,245,250,243,127,0,0,0,0,0,0,0,0,0,0,0,0,0,0,1,92,199,224,239,247,253,251,250,253,250,249,249,244,245,223,200,191,162,124,98,98,89,90,113,131,152,173,171,160,156,141,130,114,63,11,0,0,0,1,2,25,63,99,127,138,152,161,166,175,180,172,158,147,128,87,58,56,68,63,55,65
6,2,0,0,11,52,80,95,115,142,165,201,219,229,239,240,239,239,235,240,246,253,221,77,0,0,0,0,0,0,0,0,0,0,0,0,1,0,73,165,215,250,252,251,253,252,253,254,246,238,236,240,236,197,173,178,143,95,74,77,85,97,127,140,144,146,154,167,160,155,137,74,15,0,0,0,0,0,3,29,91,124,140,149,152,149,164,187,173,149,133,126,107,82,70,70,67,54,68,83
0,0,0,0,0,47,101,121,125,125,158,214,238,236,240,235,239,246,240,245,246,236,159,12,0,0,0,0,0,0,0,0,0,0,0,0,0,21,131,210,232,236,254,251,250,249,250,249,244,242,236,214,187,166,150,145,106,70,54,72,86,105,121,149,155,143,146,162,159,145,114,30,0,0,0,0,0,0,13,64,117,112,121,141,159,163,168,181,176,152,129,117,98,86,80,90,93,73,54,68
0,0,0,0,0,33,96,139,145,125,163,220,239,245,242,236,224,224,228,241,235,234,104,0,1,0,0,0,0,0,0,0,0,0,0,0,0,69,168,236,250,251,254,252,250,251,253,249,247,245,240,217,174,139,107,97,66,47,44,58,81,94,109,163,174,159,153,154,148,135,99,25,0,0,0,0,1,0,41,92,125,127,129,138,153,173,188,197,182,163,140,114,99,86,70,80,104,103,83,87
0,0,0,0,0,42,96,135,159,150,165,209,224,233,250,252,215,215,232,247,253,213,45,0,0,0,0,0,0,0,0,0,0,0,0,0,26,121,198,235,251,251,254,252,246,247,251,250,251,241,236,214,178,143,115,98,56,45,47,81,96,110,138,162,169,175,169,154,150,134,94,33,0,0,0,0,0,2,36,62,99,139,143,141,158,176,191,189,190,180,149,128,113,93,66,71,82,88,101,114
0,0,0,0,16,52,91,135,164,187,193,199,209,227,243,252,229,228,236,246,221,131,1,0,0,0,0,0,0,0,0,0,0,0,0,22,81,167,202,229,245,254,253,250,251,248,248,245,245,245,216,196,168,123,98,80,55,26,45,110,120,133,157,139,150,191,192,177,164,124,72,37,4,0,0,1,0,6,29,43,88,139,148,143,169,179,172,166,178,188,163,132,104,75,75,63,76,101,105,91
0,0,0,1,33,60,90,128,153,190,225,219,219,231,238,246,248,247,243,232,182,78,0,1,0,0,0,0,0,0,0,0,0,0,0,70,164,202,218,228,243,249,253,251,253,253,252,229,223,237,224,176,134,90,69,51,30,24,58,112,117,128,144,141,159,190,199,185,159,106,59,51,33,20,14,20,24,33,53,79,96,123,140,131,152,155,156,155,174,188,181,136,93,65,67,62,83,100,103,111
