0,1,2,3,4,5,6,7,8,9,10,11,12,13,14,15,16,17,18,19,20,21,22,23,24,25,26,27,28,29,30,31,32,33,34,35,36,37,38,39,40,41,42,43,44,45,46,47,48,49,50,51,52,53,54,55,56,57,58,59,60,61,62,63,64,65,66,67,68,69,70,71,72,73,74,75,76,77,78,79,80,81,82,83,84,85,86,87,88,89,90,91,92,93,94,95,96,97,98,99
0,0,0,0,0,0,0,0,0,0,0,0,0,56,158,196,195,210,220,234,237,238,245,246,244,228,230,227,217,223,199,167,158,154,132,148,167,173,172,178,174,149,157,174,185,188,227,237,247,247,237,233,247,245,247,247,253,248,251,253,248,234,215,175,166,169,161,165,179,188,190,182,178,185,201,177,150,148,158,158,113,97,118,144,145,147,141,165,203,210,205,189,171,174,197,216,225,195,173,152
0,0,0,0,0,0,0,0,0,0,0,3,11,93,165,183,191,218,229,237,237,232,238,242,243,237,233,218,213,211,198,193,194,191,149,148,177,195,186,159,150,159,196,218,192,172,207,232,244,240,219,219,240,238,234,241,245,240,240,238,222,189,197,179,165,171,173,168,173,195,196,175,178,190,191,174,155,141,151,151,117,126,121,113,149,170,151,169,190,183,197,201,183,180,198,203,196,167,175,166
0,0,0,0,0,0,0,0,0,0,0,0,49,136,165,173,184,214,231,239,241,237,238,244,247,248,234,215,212,193,187,202,197,196,180,177,204,214,190,154,150,187,237,254,231,213,221,234,234,226,208,215,230,230,232,241,242,231,203,210,210,170,185,189,152,146,165,156,172,201,201,187,194,195,180,186,186,148,121,109,109,133,112,89,134,169,161,166,175,166,188,216,217,208,202,192,171,162,186,168
0,0,0,0,0,0,0,0,0,0,3,21,95,164,173,173,192,217,236,241,241,239,238,245,248,242,231,214,196,181,186,201,185,196,214,217,200,179,161,146,137,179,233,255,255,252,242,244,240,237,223,222,224,234,238,240,238,222,189,189,201,176,152,142,112,101,143,181,205,204,187,181,199,205,176,185,192,148,106,111,124,104,96,96,109,154,175,163,166,165,180,223,235,211,192,182,157,159,168,142
0,0,0,0,0,0,0,0,0,7,35,74,130,163,165,168,202,230,242,238,231,224,225,242,240,239,242,213,182,173,186,186,167,186,212,225,195,157,117,117,113,133,190,244,243,230,228,242,243,242,222,210,220,238,241,231,219,225,202,160,163,163,106,82,115,122,172,216,221,205,182,177,189,180,148,165,177,153,125,115,110,86,87,101,119,141,170,178,176,182,190,221,222,185,161,155,145,160,159,131
0,0,0,0,0,0,0,0,10,55,89,113,155,156,151,164,204,232,234,224,228,230,229,233,233,240,243,206,169,175,182,181,179,203,220,221,205,173,116,119,115,131,163,199,205,200,223,238,232,227,220,223,227,228,240,229,228,243,208,140,104,101,84,101,141,168,180,196,197,188,188,199,191,167,153,155,166,162,134,109,88,66,62,108,142,133,161,187,186,196,207,214,214,182,153,154,144,148,147,143
0,0,0,0,0,2,1,3,48,106,145,164,191,180,163,176,202,222,216,220,240,248,238,220,227,243,233,203,153,165,208,215,201,198,205,210,181,138,103,97,116,141,148,158,193,207,219,220,212,214,216,212,225,238,241,217,217,234,192,146,118,85,110,157,167,159,158,188,181,172,182,204,201,180,173,157,132,133,133,123,81,59,96,136,148,132,149,174,174,173,197,208,212,203,163,148,140,132,138,153
0,0,0,0,0,0,24,58,93,117,156,184,192,168,176,187,193,218,225,222,221,225,232,235,233,231,221,204,176,197,233,230,202,175,187,187,160,137,100,81,107,144,159,168,178,198,217,218,218,220,205,192,205,217,218,210,198,191,183,183,172,142,136,164,183,185,195,211,194,186,188,200,211,182,157,134,91,98,135,131,78,73,112,132,130,130,126,131,153,168,187,186,202,214,183,156,157,165,157,154
0,0,0,0,1,0,52,76,104,126,148,190,157,129,157,171,189,216,232,229,191,190,217,244,236,216,203,198,199,204,213,225,213,185,190,171,152,166,149,112,131,143,163,178,187,199,211,223,221,219,224,222,211,190,195,208,189,169,182,196,173,153,149,145,186,227,231,221,196,192,212,209,195,163,131,113,94,92,94,77,64,57,71,100,108,132,136,128,157,188,178,176,200,206,188,177,190,196,173,158
0,0,0,0,0,3,50,38,72,134,159,165,120,108,138,158,192,201,218,228,199,200,219,229,228,213,195,186,195,195,189,208,217,201,190,177,185,205,197,157,148,154,151,175,215,224,202,212,219,227,246,235,221,204,204,209,201,188,164,145,148,162,157,146,180,210,212,200,198,200,210,188,171,151,116,105,118,130,80,28,33,38,67,102,111,118,139,148,148,175,170,176,190,183,180,186,185,170,149,161
0,0,0,0,4,37,74,62,74,124,138,120,78,112,168,170,189,193,187,194,192,203,219,212,200,207,197,183,183,193,197,181,183,204,201,197,222,253,240,191,152,160,162,180,216,217,195,207,228,245,249,229,228,208,211,212,197,181,131,101,144,174,171,169,179,190,186,172,178,197,208,195,165,131,98,79,104,114,72,46,60,43,81,107,113,104,124,128,113,148,169,176,159,148,166,172,165,149,142,170
0,0,0,10,46,54,63,89,95,124,134,81,43,95,153,153,163,188,179,171,168,186,211,201,168,178,196,206,179,179,204,180,168,193,180,188,229,248,250,218,161,166,181,183,197,206,211,227,236,235,229,213,211,198,197,179,162,146,103,98,140,166,165,165,176,187,183,165,158,195,215,191,155,109,97,96,91,66,46,38,45,51,85,99,90,94,120,116,109,154,178,185,155,144,163,172,180,166,152,166
6,0,6,67,86,42,40,79,96,124,102,35,31,64,116,131,119,152,162,159,160,185,201,191,147,153,182,192,181,197,213,202,172,173,147,141,156,183,178,184,160,173,196,190,183,202,226,238,241,236,226,226,220,213,185,146,133,130,122,111,133,153,155,159,179,181,168,175,186,198,186,188,178,124,124,139,92,52,58,52,58,71,90,103,91,85,108,119,135,144,152,189,189,176,174,182,186,172,155,142
6,3,37,95,84,34,53,83,101,92,60,29,28,54,87,119,127,144,154,160,174,197,196,196,158,156,170,176,187,207,212,196,172,167,135,99,82,113,122,158,180,189,210,216,194,210,234,236,241,239,235,244,239,218,171,154,139,118,123,135,143,154,169,175,178,171,172,193,213,206,172,176,178,143,126,126,93,61,54,73,91,77,74,95,97,83,103,138,165,159,144,180,202,199,179,163,159,161,163,154
9,25,55,76,66,50,77,82,84,60,27,38,59,63,78,123,155,144,134,142,166,184,166,161,152,148,154,166,171,155,143,156,149,141,97,48,48,64,103,148,176,194,221,218,208,227,236,230,233,237,240,236,211,200,178,158,144,115,111,126,155,177,188,192,182,159,177,193,202,205,178,163,154,128,99,98,89,50,20,37,76,89,80,69,69,94,145,160,150,144,151,175,183,201,190,163,144,141,177,198
38,63,55,33,40,35,66,73,65,39,0,26,75,73,84,128,155,132,109,122,158,175,168,149,147,155,148,134,137,116,91,110,120,102,74,55,45,85,121,137,165,191,215,206,222,235,234,232,237,243,245,229,199,194,201,172,147,136,116,127,150,181,208,191,156,138,151,172,200,193,183,170,142,121,112,89,67,30,6,26,54,86,107,64,39,97,145,146,146,150,175,197,189,185,179,165,140,144,180,202
33,46,37,30,54,57,61,61,25,1,0,12,70,82,80,110,140,136,122,122,152,164,162,158,152,157,141,129,146,109,81,93,92,57,55,66,90,151,169,151,182,215,222,220,231,231,239,247,248,242,238,232,217,203,205,185,154,147,165,180,174,179,191,176,148,140,147,170,204,197,188,166,126,122,124,71,50,24,23,48,53,72,95,59,66,117,124,142,175,181,189,195,193,171,155,142,140,173,199,207
26,21,21,24,30,43,48,48,2,0,12,17,38,72,87,111,129,125,130,131,139,134,110,105,136,164,136,119,142,109,70,62,71,56,27,55,165,243,226,181,167,194,224,216,220,230,239,244,246,237,237,236,228,209,201,205,175,173,220,225,186,152,153,147,148,167,165,187,189,177,186,166,117,93,96,75,25,1,11,31,34,61,70,65,103,161,133,131,182,203,201,192,199,187,178,152,135,171,195,191
50,31,1,0,0,10,32,29,0,0,3,13,27,57,102,128,99,90,109,121,121,102,83,66,88,119,128,138,147,114,58,40,72,46,12,51,175,254,220,177,152,174,219,221,220,226,232,242,247,247,244,234,235,217,182,194,202,209,231,243,203,135,130,130,123,159,181,204,173,162,160,159,139,101,94,115,64,5,0,0,28,81,101,98,108,150,144,133,178,229,227,211,210,200,191,169,158,157,167,175
48,29,0,0,0,5,27,11,0,0,0,23,51,64,114,131,81,69,87,114,123,94,85,87,74,77,111,133,123,92,65,45,51,19,0,42,110,158,181,142,140,186,208,220,221,219,231,250,246,243,243,238,238,215,177,187,194,185,205,220,209,150,126,143,122,153,199,206,180,176,144,145,144,108,127,180,145,39,1,15,60,117,142,127,131,154,163,165,164,200,224,215,202,171,158,174,195,170,152,160
16,6,0,0,0,2,5,1,0,0,21,47,94,99,112,109,81,81,96,109,113,94,76,99,113,93,109,118,75,46,57,43,28,0,0,23,73,108,139,134,154,186,178,202,219,222,231,247,241,237,241,246,230,203,175,181,195,174,177,182,191,168,110,113,124,163,191,169,161,165,139,130,137,105,118,161,133,43,3,16,60,119,162,145,133,162,164,170,162,175,209,206,174,169,168,186,188,161,158,153
6,1,0,0,0,0,0,0,0,8,42,67,77,86,116,107,101,108,105,89,52,50,61,106,122,85,94,110,78,37,5,1,0,0,0,29,66,91,106,147,185,189,178,202,220,225,238,247,244,238,240,236,218,210,193,196,208,172,144,154,178,147,100,120,142,174,178,151,158,155,145,137,114,95,100,80,38,6,0,7,30,76,148,161,162,186,173,159,165,187,201,166,147,183,187,181,163,162,182,173
23,8,2,3,0,0,0,0,0,19,75,93,58,72,104,100,109,124,114,81,11,15,73,111,99,65,54,73,88,52,1,0,0,0,0,24,72,105,129,163,166,159,179,200,214,227,246,235,235,247,243,233,212,214,211,195,195,184,161,165,151,96,95,111,135,169,192,183,171,144,154,160,120,85,68,33,3,0,8,15,35,60,120,154,168,184,166,149,165,178,168,144,152,162,154,152,157,181,179,163
25,21,22,11,0,0,0,0,1,42,87,92,90,89,71,77,102,132,126,90,36,63,103,97,80,73,41,51,72,30,0,0,0,0,3,36,75,116,156,159,156,172,186,183,188,215,247,230,230,250,247,235,221,220,220,191,180,190,195,169,115,76,80,105,156,186,184,165,166,159,173,177,137,55,36,45,32,22,21,37,54,66,74,124,183,180,152,148,165,147,143,166,167,152,139,135,150,164,148,145
39,29,25,5,0,0,0,1,24,61,80,86,103,83,52,73,91,108,92,58,44,71,82,75,79,96,73,52,35,6,0,0,0,0,15,64,70,80,126,151,163,190,205,197,192,213,243,227,225,238,241,228,218,209,203,199,197,191,184,147,100,85,110,129,170,199,197,176,188,187,188,205,167,71,64,65,43,26,33,35,60,92,104,141,192,182,161,160,166,144,150,182,171,150,144,139,146,129,115,144
10,3,12,2,0,0,0,28,47,54,71,85,96,73,64,99,102,80,60,38,30,43,58,73,82,86,85,40,1,4,1,0,0,0,21,69,72,66,94,141,159,177,201,201,202,204,211,220,225,227,231,219,206,195,179,179,187,168,146,103,81,88,118,153,175,193,200,194,210,207,197,177,141,95,65,51,41,51,50,42,86,145,169,159,157,161,173,158,146,151,160,181,179,148,135,153,158,128,93,122
0,1,2,1,0,0,7,38,62,61,76,104,82,57,81,114,100,80,57,38,33,38,60,62,69,69,67,37,0,0,0,0,0,8,34,62,71,89,111,117,131,168,194,196,204,216,212,231,238,233,216,205,202,185,176,188,176,133,106,76,83,94,113,135,168,190,196,214,223,217,182,153,113,94,58,32,48,95,95,71,123,163,184,166,123,149,180,169,139,137,145,161,179,157,147,154,144,130,108,120
0,0,0,0,1,13,35,51,46,49,86,107,70,64,86,93,82,79,69,73,51,39,51,52,57,63,57,37,1,0,0,0,4,53,66,71,71,93,141,126,118,148,181,199,214,233,230,243,250,231,208,205,213,183,165,176,151,117,94,66,63,87,116,138,162,184,206,226,235,228,181,135,115,125,98,85,73,93,104,96,120,149,192,179,116,137,169,168,140,122,138,149,149,148,165,160,131,132,140,154
19,3,1,0,40,43,41,53,40,47,71,67,66,76,84,78,55,51,52,62,54,48,53,58,58,66,50,12,0,0,0,0,2,48,54,65,110,138,160,149,140,129,164,194,202,216,224,238,240,222,209,207,211,188,153,156,130,112,102,73,78,99,140,179,194,196,190,215,245,237,175,105,99,124,109,102,99,100,112,140,152,163,164,164,143,139,150,137,127,115,144,162,147,154,170,163,127,125,145,153
20,2,0,4,57,78,61,71,66,53,50,52,70,78,93,90,40,17,33,54,44,38,40,56,89,89,56,14,0,8,3,13,45,58,62,76,121,142,146,143,134,129,169,200,204,205,224,230,220,204,198,201,187,183,178,155,104,68,45,65,120,155,166,193,214,217,195,215,224,203,168,130,119,118,115,115,121,132,123,158,179,175,153,165,177,169,156,122,121,130,135,146,160,169,171,158,117,129,145,138
33,10,3,31,70,107,91,89,79,70,85,88,79,84,88,68,41,30,40,52,27,26,46,60,97,87,62,51,10,4,27,40,78,77,81,97,101,114,142,139,131,151,176,188,214,218,217,220,217,191,182,181,159,154,154,142,93,46,37,57,125,165,172,198,196,206,209,214,194,201,190,157,161,147,126,112,112,122,119,151,165,166,170,161,156,177,168,135,148,144,118,115,140,159,146,141,129,134,141,135
21,33,72,114,114,116,119,106,87,104,112,122,111,99,86,66,57,78,77,64,22,30,70,75,81,73,51,35,25,37,54,43,42,65,97,104,97,120,158,142,144,150,144,162,211,215,208,209,215,192,181,157,134,123,123,129,107,66,50,81,128,167,188,209,205,210,227,229,217,222,204,171,164,153,109,79,96,127,144,178,187,183,184,166,153,154,134,129,157,140,109,119,131,148,140,154,166,142,128,125
35,67,123,164,149,125,133,111,79,90,94,129,162,134,87,72,58,74,82,68,51,32,65,85,74,66,36,12,40,48,56,68,54,68,123,137,145,151,177,161,150,144,148,162,205,226,223,212,203,197,179,139,114,102,104,97,74,58,66,108,146,170,177,200,217,226,241,239,222,209,207,202,163,134,109,94,122,145,147,178,223,234,201,175,165,134,116,135,155,129,121,138,128,125,134,166,177,166,145,115
88,113,139,149,165,152,154,122,83,85,110,147,175,135,99,91,72,64,76,84,85,55,48,53,53,46,45,49,63,50,43,79,102,116,156,186,165,120,158,160,132,144,177,173,182,194,209,189,155,153,161,117,90,93,79,45,43,72,94,128,160,180,178,199,222,230,235,218,211,207,207,202,167,138,138,155,167,167,161,187,243,255,227,183,151,123,120,134,142,130,139,168,143,110,115,150,171,173,143,103
111,127,149,158,180,177,170,137,122,124,167,169,142,113,108,105,112,87,74,90,94,85,73,55,55,57,78,80,74,77,74,76,101,141,186,210,157,133,152,158,156,154,171,177,165,157,167,163,137,123,125,100,89,79,67,13,25,53,84,126,154,174,187,206,221,237,229,212,223,224,203,181,153,148,153,161,174,169,186,224,252,255,236,215,174,125,123,137,159,150,134,160,152,114,115,138,152,150,126,107
133,142,164,171,179,168,171,153,142,166,196,143,104,112,112,109,128,104,71,86,89,87,77,84,92,95,84,73,60,83,109,115,113,141,175,168,142,140,132,136,163,159,158,168,160,154,163,159,140,117,87,75,78,60,44,13,11,28,52,113,165,166,187,211,229,236,225,218,237,239,218,184,144,141,144,138,154,173,204,235,247,250,229,206,189,158,137,147,157,154,139,152,152,131,149,165,134,113,119,130
157,179,186,180,194,190,192,188,171,188,195,151,129,128,122,125,113,101,89,96,95,88,61,86,111,116,93,77,68,83,119,130,124,130,122,117,99,97,125,131,145,155,143,131,148,170,162,143,125,112,81,63,75,72,31,7,30,43,74,132,179,177,189,216,231,232,219,220,244,254,218,181,144,121,136,153,174,190,203,203,194,216,207,174,151,162,159,149,130,130,123,126,142,146,161,154,115,109,147,161
186,202,195,190,208,203,203,208,205,197,184,171,172,155,137,149,121,113,117,116,112,108,79,84,103,109,119,130,126,112,127,122,113,120,112,114,94,89,101,121,124,114,116,124,131,125,104,104,108,94,61,79,88,40,3,3,42,87,120,134,153,186,194,200,215,218,224,231,246,246,217,188,166,146,143,169,187,192,191,182,176,173,170,158,132,142,143,137,133,134,113,99,128,153,155,135,124,132,154,167
195,187,192,206,215,215,212,210,216,205,184,167,174,175,150,154,145,115,102,111,89,74,77,82,90,101,132,133,126,133,157,144,117,124,120,103,103,103,113,135,116,101,98,114,110,69,38,47,43,56,54,76,61,10,23,38,62,89,126,138,140,186,204,196,202,202,225,235,227,234,232,199,167,176,181,179,178,170,171,183,192,164,130,130,138,132,123,139,165,154,124,115,147,157,146,144,139,140,153,157
208,185,185,193,201,204,215,223,215,180,167,154,163,181,183,174,160,130,106,104,64,60,77,106,102,97,120,103,90,117,157,145,126,141,125,110,128,132,138,144,129,117,87,92,95,52,16,13,7,29,33,36,32,11,29,65,72,96,135,159,158,185,203,192,200,199,200,208,210,219,234,208,164,168,190,190,173,160,163,181,201,189,141,122,131,141,143,159,182,151,132,134,135,132,133,150,139,139,162,160
207,198,203,193,197,193,208,230,214,178,182,177,180,188,189,175,163,146,109,93,72,75,76,104,130,131,132,117,106,106,118,119,113,143,147,133,146,148,140,116,96,89,87,84,59,17,19,9,0,1,8,24,46,31,31,61,96,118,148,157,149,179,197,203,215,198,175,197,216,200,189,195,168,148,177,192,162,154,177,194,197,177,164,131,116,134,162,176,181,143,131,132,109,122,136,140,131,132,166,174
182,183,211,207,196,193,210,214,196,182,196,200,196,188,180,159,170,160,119,118,112,94,76,89,121,124,129,128,122,113,97,116,129,148,145,131,145,146,139,111,69,57,88,70,18,0,25,48,13,14,36,35,26,45,53,37,93,134,158,146,163,205,207,205,200,184,181,204,205,163,145,150,141,148,184,193,161,150,172,188,190,158,154,141,127,143,157,167,165,142,122,117,113,139,152,139,120,124,153,163
195,193,207,205,195,186,196,198,181,191,209,216,206,187,172,156,169,153,116,125,121,89,81,71,94,103,112,132,126,120,120,134,134,126,133,149,161,169,161,131,96,84,108,77,35,17,9,20,25,33,39,15,12,41,81,81,117,148,158,140,175,221,213,188,168,167,178,188,183,154,132,116,127,152,188,187,169,159,183,208,211,174,150,158,173,172,145,140,145,139,104,94,113,124,131,135,143,149,140,143
185,193,187,165,176,180,173,183,177,186,204,211,209,191,140,120,153,154,121,113,118,93,63,46,63,82,112,151,154,142,137,146,147,131,139,154,169,197,189,134,125,136,103,64,43,23,8,16,26,14,24,15,2,13,51,90,117,134,161,164,169,189,216,193,172,172,161,151,146,127,109,98,117,155,198,200,191,189,186,214,216,162,150,183,208,203,164,137,140,130,87,84,102,115,119,140,176,176,153,164
165,181,182,160,165,172,150,150,157,164,183,193,185,180,129,123,155,147,109,112,129,99,72,64,81,96,130,153,144,135,130,151,166,156,159,157,164,191,183,147,146,129,57,25,24,1,4,32,40,9,15,30,1,1,58,99,108,129,163,194,200,199,217,200,164,162,139,117,109,90,83,85,132,175,199,200,197,205,186,196,202,159,160,195,215,213,176,163,152,130,100,89,97,101,99,139,178,174,168,183
172,181,179,164,153,159,148,138,148,155,165,172,176,172,146,158,160,117,97,129,124,105,115,117,110,125,151,161,143,137,139,154,152,135,143,150,173,185,176,168,155,102,30,9,22,0,1,34,37,23,0,9,32,59,95,125,127,149,158,188,214,201,179,152,137,131,110,99,92,86,73,106,153,173,187,196,196,193,194,187,187,186,178,192,212,205,186,173,148,129,119,124,109,89,80,132,161,154,167,184
158,175,178,162,157,158,158,145,144,145,149,152,168,167,145,147,117,74,85,124,127,128,150,139,141,148,156,165,164,154,145,128,124,128,122,112,156,206,217,223,158,82,36,41,67,11,4,36,30,21,2,8,80,135,131,142,147,163,162,172,169,176,141,109,115,115,82,77,73,59,59,103,142,171,191,197,180,180,202,192,189,203,192,177,192,193,182,142,93,94,101,115,109,88,105,127,144,151,141,162
170,180,183,186,185,146,127,129,123,126,141,159,172,156,136,97,52,65,95,123,144,142,142,134,158,168,169,168,170,156,133,124,138,141,91,72,129,212,252,242,169,84,53,66,72,39,19,22,37,34,30,72,113,145,151,163,168,171,176,161,149,172,141,95,83,102,70,42,46,53,55,86,121,157,182,175,165,191,210,200,201,206,191,168,178,176,157,108,77,86,82,85,92,96,133,145,149,154,141,161
187,172,174,201,189,130,105,109,123,132,143,164,155,120,107,73,41,67,115,143,157,163,163,174,175,166,181,197,182,167,149,144,162,147,77,45,96,170,187,192,136,91,84,76,80,77,33,7,40,44,65,110,127,140,138,148,145,169,179,138,122,143,129,98,31,17,46,40,43,44,58,85,141,157,164,175,189,208,206,205,217,218,203,189,182,168,128,95,104,96,73,77,97,118,163,177,165,145,156,173
187,167,154,160,150,131,123,130,143,137,125,127,114,92,79,70,68,95,119,147,159,168,178,189,196,188,181,195,198,191,171,151,167,140,73,63,84,131,142,116,75,73,68,58,63,61,24,26,54,57,80,125,148,149,159,163,138,141,155,126,110,114,103,77,20,2,22,32,36,44,71,110,149,160,177,208,218,209,205,212,227,232,218,206,194,160,96,70,86,96,85,89,114,148,169,168,179,175,171,175
199,194,159,140,142,134,133,148,163,132,93,83,82,96,73,49,67,98,117,148,160,155,153,170,204,217,188,173,192,185,159,159,171,136,79,62,73,87,74,23,11,38,38,38,50,49,17,26,72,83,82,110,147,161,151,150,147,135,128,129,103,84,46,6,19,28,14,1,35,74,100,141,154,151,193,227,211,195,215,227,227,231,213,203,179,135,81,48,73,90,75,91,140,163,162,163,198,215,193,187
208,207,180,169,159,131,121,139,147,113,85,74,79,79,37,24,65,104,120,145,162,148,142,171,193,208,215,207,206,176,146,148,149,124,87,52,62,62,25,16,38,57,44,54,75,87,44,23,28,53,86,102,133,145,131,140,147,124,121,114,79,56,24,1,0,1,0,0,19,57,109,156,164,150,192,218,210,198,207,207,215,229,218,188,157,115,74,40,67,97,63,91,148,161,171,188,210,220,227,220
199,195,175,170,166,146,133,139,135,97,76,73,62,24,8,11,66,102,116,133,148,153,158,186,202,215,227,231,223,205,177,163,144,109,91,65,66,51,41,101,150,95,51,61,80,105,81,32,16,36,92,126,150,152,135,139,126,96,105,88,49,25,13,0,0,0,0,1,13,37,110,164,177,177,198,213,210,217,215,197,208,225,214,184,136,95,89,56,49,58,46,88,154,175,184,222,232,215,223,230
167,162,163,154,156,175,159,139,131,86,47,54,35,13,27,35,59,81,100,126,151,175,186,202,218,220,217,214,224,231,219,189,162,133,95,92,87,64,68,135,163,117,99,120,99,84,94,85,76,104,113,133,154,153,150,114,77,75,89,56,20,1,0,0,0,0,1,18,26,66,118,152,155,182,211,214,201,218,227,219,216,204,197,162,97,50,69,81,60,54,54,88,142,163,181,227,245,226,224,234
148,128,149,161,163,187,165,141,112,69,41,35,30,24,42,59,84,93,99,129,170,181,178,185,209,225,221,219,222,212,207,203,177,158,131,112,100,59,73,124,136,148,144,141,122,80,83,123,139,144,140,140,123,124,134,106,76,63,65,25,1,0,0,0,0,0,0,10,37,104,134,126,114,170,217,215,195,214,218,217,210,184,158,117,76,48,54,76,72,52,76,98,145,175,186,217,238,246,243,244
155,134,143,174,184,181,166,129,91,73,66,53,18,3,7,46,87,129,149,163,165,145,157,177,199,227,233,233,221,185,183,204,189,171,155,113,92,94,106,139,165,179,158,121,108,105,109,148,170,150,149,149,116,103,101,107,76,20,0,0,0,0,0,0,0,0,0,0,40,98,124,136,155,191,220,230,221,221,205,194,179,130,103,68,54,73,67,74,71,56,89,128,147,194,216,221,230,239,247,245
183,164,167,181,171,162,155,125,108,96,65,24,0,0,18,46,87,134,171,187,159,151,193,205,210,225,213,218,218,203,194,196,186,175,144,114,103,120,140,158,179,180,168,154,125,132,159,163,158,158,146,122,95,86,93,106,60,10,0,0,0,0,0,0,0,0,1,1,42,76,120,162,187,206,228,247,227,212,197,189,155,100,72,38,35,56,70,86,87,81,111,148,147,181,214,235,237,238,244,246
158,162,174,163,148,157,149,123,117,99,54,2,0,8,40,65,105,133,170,187,171,178,203,215,218,224,217,222,220,224,206,183,191,177,131,125,120,121,140,157,178,188,202,211,194,167,155,155,149,149,145,125,103,97,105,127,96,44,4,0,0,0,0,0,0,0,0,1,48,94,143,175,171,172,215,244,225,201,195,170,126,86,49,31,31,50,81,100,90,94,123,162,195,203,199,226,241,246,250,244
174,182,167,133,129,155,136,115,104,88,56,15,10,32,74,100,138,148,161,177,173,182,167,170,202,220,218,224,215,218,211,193,178,157,129,115,110,115,164,185,181,192,220,232,218,183,157,158,150,160,164,148,140,135,141,145,111,66,15,0,0,0,0,0,0,0,0,4,56,102,134,169,171,159,164,201,203,191,181,148,115,85,34,14,49,61,87,108,104,94,109,154,208,227,199,203,220,232,237,234
203,195,168,153,148,144,116,113,106,68,41,36,19,46,107,127,138,157,163,162,173,190,165,157,204,219,211,209,203,210,214,204,172,145,125,111,104,131,191,204,188,184,206,209,204,204,210,196,162,172,188,169,159,170,175,146,100,42,2,0,0,0,0,0,0,0,0,21,47,85,125,156,172,166,164,194,203,181,150,122,113,92,18,0,44,67,84,101,122,108,102,147,191,218,224,212,206,200,204,208
192,183,166,170,156,127,111,109,102,54,37,47,38,56,111,126,123,160,156,140,152,177,194,189,210,210,208,207,200,209,202,195,179,153,135,139,163,184,209,214,198,181,185,200,196,218,228,198,164,164,188,177,161,176,164,135,57,1,0,0,0,0,0,0,0,0,1,47,75,96,115,138,158,154,172,188,195,192,157,110,68,45,24,18,49,69,71,89,122,126,128,158,180,199,226,228,203,175,175,178
187,186,176,171,163,147,117,84,74,63,61,80,84,83,80,85,112,147,152,141,139,154,185,180,190,199,217,225,216,217,207,188,179,181,165,168,194,203,210,209,197,193,194,201,198,201,200,189,178,164,167,180,161,156,145,74,2,0,0,0,0,0,0,0,0,0,3,40,93,116,110,128,129,131,167,174,182,173,144,106,52,30,34,34,32,42,49,76,112,149,160,165,183,198,217,211,187,165,166,170
177,196,211,199,178,157,117,82,83,94,87,97,112,99,72,73,109,124,137,156,168,163,175,183,209,217,217,220,215,214,204,184,189,187,165,170,193,203,198,187,162,169,203,207,208,191,175,199,215,180,145,167,160,120,48,0,0,0,0,0,0,0,0,0,0,0,0,19,71,94,98,138,129,144,186,185,180,161,108,84,55,39,57,38,16,18,50,75,110,152,175,191,203,206,206,201,193,188,184,176
173,188,221,212,187,156,124,108,99,105,100,93,107,96,85,99,117,119,113,136,172,180,178,182,202,215,213,215,221,216,193,181,195,196,178,180,181,183,176,146,144,179,211,215,221,203,180,195,215,206,188,184,136,31,0,0,0,0,0,0,0,0,0,0,0,0,1,40,66,92,126,152,148,164,173,162,172,181,137,70,24,34,72,75,44,40,73,102,129,149,172,190,199,200,204,204,199,203,191,158
199,192,197,200,189,164,122,93,84,91,111,101,100,97,100,114,125,122,114,118,154,184,189,193,193,199,198,207,220,217,200,190,196,197,192,192,172,159,167,153,174,207,225,221,219,210,203,208,219,230,231,214,120,0,0,0,0,0,0,0,0,0,0,0,0,0,1,34,67,111,136,132,150,172,139,130,153,151,119,73,55,56,69,90,93,99,131,149,151,153,147,136,151,191,208,201,182,177,156,121
224,214,189,182,184,169,120,74,62,96,118,103,90,96,112,122,132,142,139,120,122,156,191,203,189,191,194,204,211,206,209,203,190,196,201,196,190,166,147,157,187,193,207,208,209,216,221,231,232,228,233,219,132,6,0,0,0,0,0,0,0,0,0,0,0,0,0,1,40,97,133,136,150,154,140,139,147,96,64,93,118,111,75,82,115,133,141,157,164,146,143,138,132,165,196,191,172,142,118,100
222,218,195,184,169,162,132,85,67,97,124,129,119,108,105,106,119,140,153,142,134,133,151,182,182,179,194,204,203,212,217,201,180,193,209,202,211,184,144,156,192,195,195,200,201,203,211,229,236,234,216,208,166,58,0,0,0,0,0,0,0,0,0,0,0,0,0,0,26,95,132,134,135,141,166,170,140,88,81,89,104,107,77,82,121,128,117,153,168,151,166,179,160,156,183,183,157,129,115,103
224,223,212,196,172,159,149,117,90,111,144,155,134,107,102,93,92,107,127,145,165,156,136,179,202,185,193,204,191,203,223,217,199,206,217,200,196,176,142,144,160,180,193,210,220,213,214,233,246,244,224,193,179,112,5,1,0,0,0,0,0,0,0,0,0,0,0,0,35,99,119,119,128,132,142,143,123,107,110,96,87,96,82,80,116,138,143,164,160,155,178,194,176,168,179,162,144,126,104,78
223,234,219,190,178,165,149,116,113,122,137,135,100,91,122,113,90,86,109,139,159,157,162,194,208,206,213,210,184,186,214,224,223,221,222,216,179,133,109,119,144,172,199,218,231,227,218,230,243,249,238,207,184,120,2,0,0,0,0,0,0,0,0,0,0,0,1,4,33,67,97,136,140,117,112,135,144,139,126,112,92,80,90,103,139,153,146,154,163,169,170,176,168,168,171,150,141,123,76,34
216,225,214,184,178,151,128,119,124,114,101,86,89,96,100,93,95,115,127,149,156,156,187,203,196,211,223,206,193,197,199,211,220,198,199,194,162,128,113,132,156,179,201,209,217,224,225,230,238,247,252,228,172,62,0,0,0,0,0,0,0,0,0,0,0,0,0,1,47,92,110,144,141,121,136,165,154,153,144,116,109,106,84,103,147,163,154,159,170,174,167,156,165,163,158,145,126,101,58,15
206,202,184,178,174,151,155,160,135,119,101,85,106,99,73,75,109,151,149,155,167,175,199,212,193,182,183,186,204,204,189,200,208,190,181,161,137,127,141,153,161,171,204,219,218,233,242,238,240,248,251,254,176,25,1,0,0,0,0,0,0,0,0,0,0,0,1,1,54,102,117,130,138,158,173,165,126,131,151,146,144,131,96,104,141,163,167,173,169,167,176,164,170,161,141,141,105,72,56,27
200,182,154,151,152,169,186,178,145,126,109,107,115,98,78,103,141,155,148,150,148,177,209,212,197,162,151,172,193,192,202,210,198,178,155,137,128,133,147,162,156,168,209,240,239,244,252,249,247,249,254,254,167,5,0,0,0,0,0,0,0,0,0,0,0,0,0,0,42,98,147,146,144,185,200,171,134,134,146,149,149,143,143,166,160,152,175,185,172,163,173,175,167,139,117,120,99,67,45,35
198,180,157,144,139,159,162,151,135,122,112,110,114,101,88,110,137,134,137,142,124,152,187,195,198,184,176,173,179,186,216,215,189,173,146,125,127,140,137,138,168,204,220,234,245,249,250,253,251,251,254,255,188,22,3,0,0,0,0,0,0,0,0,0,0,0,0,0,60,122,174,179,154,146,161,173,162,153,167,156,137,145,167,185,170,162,197,200,181,174,169,175,162,121,94,95,80,48,19,7
179,179,173,157,149,157,147,129,129,114,99,93,99,92,72,85,108,130,156,157,138,151,181,197,185,165,172,174,179,189,209,203,190,175,144,126,124,136,143,169,204,219,222,235,252,249,244,248,253,253,255,255,173,7,0,0,0,0,0,0,0,0,0,0,0,0,0,27,69,109,151,167,181,145,126,151,168,166,186,188,162,162,164,163,170,182,202,191,183,186,171,164,155,114,78,88,68,19,0,0
167,161,151,152,174,165,142,124,120,102,85,71,71,63,53,69,112,157,180,158,143,163,193,205,181,154,162,177,198,206,205,202,173,147,144,129,132,138,167,202,223,226,228,247,255,251,246,248,253,252,247,254,174,16,3,0,0,0,0,0,0,0,0,0,0,0,1,58,109,136,152,150,173,176,159,150,178,192,179,178,181,191,186,176,181,184,183,179,176,188,180,161,144,115,75,67,70,27,0,0
167,144,121,148,181,141,117,116,91,68,73,69,50,51,69,105,132,152,166,147,149,183,196,187,184,180,164,175,202,206,192,186,163,147,153,126,121,151,180,201,220,237,246,251,253,251,250,251,253,253,253,237,135,2,0,0,0,0,0,0,0,0,0,0,0,0,2,81,142,148,158,157,154,168,184,183,194,192,175,171,178,188,212,198,176,176,185,192,185,189,192,172,140,125,107,64,56,53,34,41
172,152,142,157,171,149,119,107,77,53,73,77,62,68,97,129,138,143,161,162,175,199,195,184,188,192,181,185,201,206,181,169,171,165,155,130,136,150,177,210,221,239,247,250,251,252,251,253,253,254,245,230,102,3,2,0,0,0,0,0,0,0,0,0,0,0,42,102,135,153,168,181,175,175,193,207,200,172,160,162,168,177,214,196,163,180,203,203,197,194,184,162,145,138,126,75,64,68,74,101
142,153,166,151,147,163,127,93,80,72,78,89,79,99,108,124,142,158,175,183,201,209,200,200,208,210,204,208,208,208,202,197,170,132,123,146,157,173,199,221,227,241,242,245,251,253,252,254,255,252,250,207,69,0,0,0,0,0,0,0,0,0,0,0,0,22,75,121,138,155,174,188,184,173,191,206,195,158,130,140,158,174,205,189,149,167,199,203,201,198,175,143,139,130,105,75,71,82,89,117
119,140,160,152,131,135,105,79,89,87,80,79,74,92,104,122,163,189,189,189,211,216,207,220,230,223,215,211,199,190,199,213,193,144,139,159,172,209,219,205,204,228,242,250,251,252,251,255,242,224,193,128,24,0,0,0,0,0,0,0,0,0,0,0,1,31,79,132,148,153,154,166,166,165,189,208,183,153,148,151,168,198,212,187,143,158,203,213,192,186,171,167,166,132,94,83,77,86,104,122
139,150,144,146,155,137,108,83,69,72,92,94,96,114,132,145,179,198,201,202,208,206,206,229,243,236,228,212,199,187,185,201,211,202,193,199,202,215,213,208,219,237,250,249,244,247,255,239,198,165,137,59,0,0,0,0,0,0,0,0,0,0,0,1,15,43,93,144,167,167,161,155,142,146,176,200,184,160,174,185,177,202,220,207,180,190,205,200,190,194,182,188,192,152,98,85,89,112,125,130
151,158,147,142,157,136,115,98,74,65,96,128,142,144,160,162,180,196,216,227,212,200,209,229,238,242,242,228,216,208,203,207,217,221,211,212,218,212,207,226,241,245,249,246,230,231,246,210,127,101,81,11,0,0,0,0,0,0,0,0,0,0,0,0,26,62,112,147,178,174,153,149,153,158,165,183,188,179,176,172,163,178,202,215,208,202,192,180,181,192,187,178,159,144,109,86,100,119,129,141
160,158,159,138,115,99,102,100,98,77,70,124,138,126,141,152,171,196,220,229,225,228,231,235,238,233,234,234,232,234,225,222,221,223,222,222,223,220,221,234,240,235,229,217,207,195,185,139,93,50,13,0,0,0,0,0,0,0,0,0,0,0,0,0,37,78,119,124,160,175,154,150,165,178,158,160,177,187,177,163,161,176,191,197,198,194,197,201,190,181,188,169,133,122,106,101,117,126,142,169
160,156,156,136,107,100,92,72,86,79,64,92,112,135,148,158,178,202,221,231,229,243,242,234,238,235,233,231,230,236,231,222,219,226,238,243,231,218,223,239,244,227,187,176,172,152,101,71,70,12,0,0,0,0,0,0,0,0,0,0,0,0,0,12,77,120,158,146,140,157,159,153,146,157,159,156,162,180,187,175,175,174,177,180,186,199,208,216,202,170,180,182,133,99,91,90,130,161,177,185
144,131,126,130,129,121,87,54,55,84,112,124,138,180,186,183,189,211,231,233,223,232,236,226,227,237,242,231,228,232,232,231,229,237,244,245,240,228,219,220,234,210,173,145,120,82,31,5,2,0,0,0,0,0,0,0,0,0,0,0,0,0,0,30,91,130,167,157,145,144,144,156,157,173,193,184,158,164,185,186,181,167,166,191,208,211,205,196,180,147,156,164,132,97,90,99,124,175,202,181
140,124,110,120,136,132,101,73,70,90,143,166,166,176,186,189,190,208,224,209,202,221,231,228,235,243,239,232,230,230,233,237,239,246,244,243,240,235,218,218,211,182,133,85,41,8,0,0,0,0,0,0,0,0,0,0,0,0,0,0,0,5,64,104,133,156,159,162,155,149,142,158,182,188,190,186,169,167,195,204,193,190,179,187,205,207,190,164,148,149,145,126,117,101,121,145,155,175,178,172
130,139,131,127,132,135,116,95,85,108,139,176,185,164,171,186,190,187,198,198,210,232,237,236,235,227,224,232,230,235,241,244,247,250,253,240,224,221,209,192,142,77,52,35,0,0,0,0,0,0,0,0,0,0,0,0,0,0,0,0,0,52,137,169,167,173,166,153,155,160,159,178,196,179,170,170,174,191,210,213,216,216,186,177,182,169,168,139,129,164,157,117,106,122,143,172,194,186,171,181
129,147,145,126,119,123,116,110,116,140,148,171,184,181,182,193,202,192,203,213,226,238,242,239,225,211,220,235,238,242,246,250,251,253,253,229,194,180,138,99,37,0,9,2,0,0,0,0,0,0,0,0,0,0,0,0,0,0,0,0,1,71,144,182,154,162,152,116,134,155,166,180,188,176,165,161,188,218,208,199,198,183,182,187,172,144,155,141,127,153,159,126,128,151,158,168,175,184,203,208
149,160,146,120,124,131,132,142,160,177,177,173,179,199,197,185,189,190,208,221,228,239,243,236,226,229,233,241,246,249,248,245,245,245,241,214,195,157,78,18,0,0,0,0,0,0,0,0,0,0,0,0,0,0,0,0,0,0,0,6,37,88,139,176,169,136,109,78,100,144,181,182,165,157,159,183,213,217,201,174,170,172,182,162,139,124,123,132,137,126,133,130,141,160,171,165,165,185,206,209
144,155,149,121,131,150,157,158,167,172,174,178,175,195,193,187,203,195,196,207,224,241,239,235,231,239,243,245,245,248,249,246,244,249,232,198,155,116,53,0,0,0,0,0,0,0,0,0,0,0,0,0,0,0,0,0,0,0,0,16,111,145,122,150,165,122,90,77,117,158,191,193,171,163,171,195,195,194,199,182,197,200,167,129,122,118,101,105,135,132,131,135,127,145,172,155,168,196,192,199
154,158,148,115,104,134,156,161,161,166,167,179,176,179,167,175,204,197,195,212,229,242,243,244,241,243,248,251,251,249,252,249,242,224,201,161,98,40,2,0,0,0,0,0,0,0,0,0,0,0,0,0,0,0,0,0,0,0,0,48,162,158,125,141,138,81,45,70,132,186,198,182,167,180,182,164,162,184,193,196,206,188,147,120,123,127,86,85,107,121,122,116,109,140,167,152,166,192,192,192
168,174,152,125,105,108,136,164,162,164,153,159,162,171,164,176,193,200,218,232,233,240,246,249,247,246,247,249,250,251,252,250,231,189,132,97,35,0,0,0,0,0,0,0,0,0,0,0,0,0,0,0,0,0,0,0,0,0,1,94,175,167,145,127,113,96,70,81,131,175,181,174,142,159,189,170,171,190,188,180,172,179,168,145,114,82,52,74,87,86,94,88,110,158,179,185,179,175,189,200
193,190,160,158,148,130,129,156,172,162,166,169,164,194,191,185,181,208,235,244,240,243,243,245,247,247,247,246,242,239,236,213,208,187,123,51,0,0,0,0,0,0,0,0,0,0,0,0,0,0,0,0,0,0,0,0,0,2,56,129,153,148,161,124,104,129,122,127,155,174,167,158,157,178,190,190,198,201,196,180,177,196,190,155,106,69,49,80,87,65,70,92,123,174,198,207,193,181,177,179
192,183,157,166,174,162,153,147,171,170,166,149,153,183,187,177,186,215,228,235,237,244,244,242,243,248,249,249,242,230,218,198,183,170,84,2,0,0,0,0,0,0,0,0,0,0,0,0,0,0,0,0,0,0,0,0,53,105,140,160,133,125,141,129,103,85,107,155,179,170,164,148,158,177,176,178,204,210,208,211,208,192,162,123,94,79,69,80,87,66,77,105,133,163,188,201,192,192,188,167
192,190,171,156,164,182,177,148,159,163,149,145,162,166,180,193,206,212,218,231,243,247,248,248,245,245,251,249,243,224,198,187,165,85,5,0,0,0,0,0,0,0,0,0,0,0,0,0,0,0,0,0,0,0,0,65,134,151,157,157,135,137,121,93,76,58,93,157,160,121,145,151,151,158,170,181,196,187,192,205,208,178,136,106,83,86,78,69,77,88,91,123,160,164,174,180,193,202,213,195
200,198,198,168,164,186,192,173,174,172,165,172,179,182,215,226,212,201,221,237,244,244,244,246,248,247,245,244,241,225,160,129,75,2,0,0,0,0,0,0,0,0,0,0,0,0,0,0,0,0,0,0,0,7,66,147,154,137,138,169,143,133,116,94,88,78,121,146,123,123,167,166,174,193,207,200,189,174,168,179,172,154,117,107,95,85,75,58,83,113,114,142,179,192,191,176,195,221,223,202
200,191,203,189,193,204,195,183,182,169,163,173,171,192,218,228,219,221,235,238,236,240,246,240,244,242,235,228,223,185,116,39,0,0,0,0,0,0,0,0,0,0,0,0,0,0,0,0,0,0,0,2,34,98,131,168,176,168,147,160,151,117,107,103,81,98,150,162,129,128,158,183,195,216,232,207,185,180,153,168,163,136,109,105,107,83,68,76,100,131,131,148,177,194,185,171,182,208,212,198
214,209,212,204,212,222,199,173,160,157,144,149,163,178,192,225,239,247,244,241,243,246,248,244,244,228,210,214,162,99,59,0,0,0,0,0,0,0,0,0,0,0,0,0,0,0,0,0,0,0,47,80,108,135,131,153,175,188,148,129,140,126,119,114,102,127,159,155,148,149,155,181,185,200,214,211,198,180,137,146,152,138,114,88,97,70,67,110,120,118,127,151,173,172,155,158,158,178,200,198
222,223,208,205,204,203,203,173,142,153,151,175,186,188,208,241,248,247,248,248,245,241,235,238,238,186,157,144,114,75,19,0,0,0,0,0,0,0,0,0,0,0,0,0,0,0,0,1,2,28,73,122,178,190,179,162,185,185,184,153,127,139,130,138,161,181,169,144,137,175,200,189,177,182,188,191,210,199,168,149,124,124,103,73,83,78,86,146,141,110,127,166,177,152,147,160,162,180,182,172
221,216,198,203,188,188,202,178,145,142,160,193,212,216,231,245,243,248,250,240,224,226,227,241,196,130,97,67,61,46,2,0,0,0,0,0,0,0,0,0,0,0,0,0,0,0,2,25,59,81,114,163,206,210,203,187,200,199,193,143,111,115,115,120,150,190,171,157,130,172,221,204,187,183,187,195,212,194,168,146,107,104,102,83,88,77,84,123,146,135,138,174,181,165,169,169,165,175,170,162
214,215,214,207,189,178,178,168,162,170,173,194,219,228,237,247,248,251,254,234,222,221,224,211,133,74,58,22,1,1,1,0,0,0,0,0,0,0,0,0,0,0,0,1,0,2,34,64,99,121,153,179,194,179,173,166,177,162,134,113,116,97,110,140,136,162,195,198,150,154,186,182,180,181,183,204,213,180,162,153,113,102,95,81,74,52,70,106,143,156,162,166,176,191,178,157,138,146,167,179
